% Q 7 ;

d = [1:7]
e = complex(d,8)

%{

d =

   1   2   3   4   5   6   7

e =

 Columns 1 through 5:

   1 + 8i   2 + 8i   3 + 8i   4 + 8i   5 + 8i

 Columns 6 and 7:

   6 + 8i   7 + 8i


%}
