a = [1, 2, 3; 4, 5, 6; 7, 8, 9]
a(2,6) = 1
a(:,4) = 5

%{


a =

   1   2   3
   4   5   6
   7   8   9

a =

   1   2   3   0   0   0
   4   5   6   0   0   1
   7   8   9   0   0   0

a =

   1   2   3   5   0   0
   4   5   6   5   0   1
   7   8   9   5   0   0


%}
