%Q 9:

x = [1:9]
y = [2:10]

x.*y

%{
x =

   1   2   3   4   5   6   7   8   9

y =

    2    3    4    5    6    7    8    9   10

ans =

    2    6   12   20   30   42   56   72   90


%}
