%Q 5 :

y = [1:2:10]
y'

%{

y =

   1   3   5   7   9

ans =

   1
   3
   5
   7
   9

%}
