q = ones(1,5)

%{
q =

   1   1   1   1   1

%}
