g = [11, 22, 33; 44, 55, 66; 77, 88, 99]
h = [1, 2, 3; 4, 5, 6; 7, 8, 9]

g-h

%{
g =

   11   22   33
   44   55   66
   77   88   99

h =

   1   2   3
   4   5   6
   7   8   9

ans =

   10   20   30
   40   50   60
   70   80   90

>>



%}
