B = 2
B^2 + 5*B + 2
