y = [1:2:10]
y'
