x = [20:29]
