x = [20:29]

%{


x =   20   21   22   23   24   25   26   27   28   29



%}
