f = [1:2:10]
f.^2
