z = [2:2:8]

%{


z =

   2   4   6   8


%}
