% Q 6 :

f = [1:2:10]
f.^2

%{

f =

   1   3   5   7   9

ans =

    1    9   25   49   81

%}
